176 0   240 
142 0   240 
108 0   240 
65  0   240 
0   0   235 
0   0   218 
0   0   201 
0   0   184 
0   0   163 
0   19  133 
0   48  110 
0   74  104 
0   100 110 
0   97  119 
0   104 151 
0   119 160 
0   136 160 
0   153 168 
0   170 170 
0   189 189 
0   206 206 
0   219 219 
0   228 228 
0   236 236 
0   240 225 
0   235 204 
0   232 155 
0   225 117 
0   217 119 
0   200 119 
0   184 110 
0   174 80  
0   157 80  
0   140 80  
0   133 72  
0   140 34  
25  142 0   
55  160 0   
65  177 0   
82  194 0   
104 206 0   
131 214 0   
157 223 0   
189 231 0   
231 232 0   
224 223 0   
224 206 0   
224 180 0   
224 153 0   
224 128 0   
224 102 0   
224 76  0   
224 51  0   
219 17  0   
206 0   0   
183 0   0   
157 0   0   
131 0   0   
104 0   0   
80  0   0   